 022919671499015803461384062219230178194500
 0256116703991329093101680645214804350756196400
 023313400330033003300937034501
 0245032903431338066102451147124312700330092900
 0243132904480706017709691274032905391730063101
 0259169922600464209519601450033102810139014001
 0239070212350447196801471362125011490939033000
 0246074106271332044412562022177811260148195200
 0259046122540281117321480527097919390048087601
 0250143112370156013909380041084706500857034600
 024703461638025804290441035012492144084700
 0235094103300330033001301330013001
 0248112819510938002207301912073006650328033200
 0229136007280250066219331145145010320131203600
 022909460551082706280448134303341149027500
 0247019117781256075319611251027809390042065900
 0234064713501245045501580740043007612139094500
 0254114119341352214421510937015706361959033000
 0245137603390647013107142130053820441938194001
 02552131093019381455013016990649082001
 0259016103470355083410610176203305811743133400
 025401511630066007300330043309361934036301
 0229045909650327136203290300032521360140146901
 0230093203310546162219241273144703300259117600
 0244015004520630093708330433133904300279121800
 0255193509431932063207480098217601321933033001
 0243125202430946030913331253045621620130013000
 025000261162033301580333075009390313084301
 0235066001831248074510410243092900681147053301
 0229003414500838193119380730024409300830062400
 0235033306510741033000281944032809341939033000
 0258117512991399035209411956047803590386193501
 0249023203291332206003520481174203640128013600
 023119420335122817370643015800320730033600
 024702791626124009440429123604400330013000
 0241032606470933048511530323134103300428086100
 0229138503282032082319661957194519440329119900
 0254002706342035045012340331074603300829034701
 023807692148193812330132023409291935125100
 024600271935045404431754073311570556096700
 0258016620450175072908350369006505411956068701
 0240072801451345194502480124202001
 023211660724098105681272216408240626134801
 023400440146074605300325053003291700013001
 0258093803300730063016641934033802840329073901
 0239015312341339208502451248144211470638083701
 024406310327044303301748093405301140164500
 0245024103370368097908470158055216380327115700
 0234173905300938194221370237162206461052084700
 0259225302550836016419370741032909310030045001
 0239064912560881194616840939077002491934194500
 0258135606992142196308321168044909490169082900
 024701510145002510560930053003300330033000
 0258059019340828063312570531203013260442033000
 0245214001561380024103250930055108460656123000
 023400220644024901440343203004280329123900
 0246134004550325116010320948087119341243012900
 0246162604450229053003340836064001550426203601
 0250203604481343124206350831033004501968014601
 0229196602590899133007570938076206220530034600
 0233032619400330063320300133074216890830053001
 0259033411790343044306430428133207730927036900
 0255115509340144192503300330073001300032045300
 0247032813230123013907410330033009301920032401
 025604562037033421621145033606621624034100
 0241024009540337074703290330213700750350178401
 0231077213620751014110621036093614461947026101
 0234136002360429032408480313173703652058084901
 0246137701480571194807280631020014380448203100
 0252175211622136043013760939075503301433032301
 0247015113280449063614410331072710430926033100
 025119420369016011920467009603300442063300
 0238123811471624032921410435053020391242033001
 0230072611480440063804250043033605390922082601
 0249017906791241116501601315195503460942048000
 0234037708280061213501341939021109920158044501
 0259014307341052192611610181092913380338025400
 0247025704310126113909300432073107291244132800
 0252116312550335173920380361016207650460004100
 0256082817550351033913300743024901742044085201
 0237052900381937203912630130063801331140214201
 0245054209830727134703390130023408780448054701
 0240193903521936032817410627092700350330015300
 0236007201531242124619390331064607302038034401
 0251005904290530033504681163143220250334017300
 0247009403290831093803451469191112462178084501
 0256117106930451139019510342036409330333033001
 0256033321550129002609340431052911380330124101
 0234114201300128014019810645006108700245099301
 0243162712521445204202280725014408310338123600
 0250038820630642013007750040033207370530053101
 0234025012341980077019400145124220350061047101
 02361713065604372066197713270137023700
 0229022904511040013406390734138001340332202601
 0259197421560087048106181238117102580925033001
 0252217401420460202313390165145207520643045600
 0255023909322151033901991741012019330639162900
 0235043009270460162721381944015808470129021200
 0232044112351738203605280233136106420141053001
 0231032811340343083007640429046109280228003900
 0240063713690246197119250826202401501945144601
 0254068501460154093304600330015803550393136200
 0251029003900365003703290329064309250426124600
 0231075109270429132501300519042801380136033000
 02590186128104620929039706992257034100
 023021440739125403400647174303291152092500
 02540547172919460330093801300086123301
 0233023319450022084501410930064308440435013000
 0247118109501746132707310154013504281243062900
 0256169907850774035919360380046511630933176100
 0249032913690329015609330250033012360330032801
 023717621039111619401242034304380130002700
 0229045208262148194101401620063319240937033000
 0231032509340833173613590437062508300235033501
 0240054802480327033013280730042720302149062700
 0250015311640726038001661954064209461333032700
 0244043406441334044208280945018521620318194900
 0256033219400947013106550135028313282158052200
 0231092601450723044513250260064721360140074200
 0253035212410156002708371441175304450931033000
 0255063403312171132801520831052809440335015600
 024902530165174907280829203113560831073701
 0234092203440167064200270329194702350141193400
 024001810041062701360447115220321235174500
 023011641335202905300428064219311446142901
 0259069914962152084021830137004703392030225600
 024301301952015809410835045213400560104000
 023503001231124914430927114012430448137001
 02520025054503431050119303300937033000
 0247015402310664072817481348015409241252195200
 0240046711462023034206520023073414390728035100
 0247174209470654033101200452163201500449015500
 0237084811650731033008660255056606491346093800
 0237003403320631194609250546032704431222013000
 0244113106311274035609200034024501370436033000
 0234014019410165194008350345023609550030064800
 0230137919430739032803290612173203350937193901
 0241064609360028195103270865175307291250083700
 0251113503350632013508412025074505300086193101
 0256055801790935002802710141065819590844033000
 0250003002420930015505170729215219400121052801
 0231014900270350023007600128193603290644094201
 0257049309320455135502730330033003400699032201
 0229033101441767084503000954033014270241004300
 025016250447013317502033024501562140064500
 0259138309280351033003300333013001302146034101
 0231194407340330162801300252042907280930192600
 0255033109330160033004290360066113380899025500
 0243137503340447103802451445144112400929032901
 0255038116981261057206632155095519400530053001
 0243124501431336194019431930053001280730092101
 0239077519560066114609450185046006480336024300
 0252074303900660033602441964014409370029033000
 023817411942092216681147056601300351123201
 0233033208471328113420480635026901290340072101
 0230122706330759014711521241202100760244014500
 0259018122740699175405481326098801881459083900
 0258125804821157033701370877065613270929174500
 0252136720290357045311610834066501590355083100
 0247194607560356047811900930003721530330013000
 0260074500301273032306720128115804471299093301
 0231043317190460045812280928133803450733195400
 0255028310510435093307361649055904551927065600
 025904922185114012790551179913892237044901
 024117620145202803301348018419471440194900
 0246093004601937009512291158105112430438066000
 0245014819340243085403651369065517311042209001
 0254215004490130144509321689054703620633043401
 024508520159064519530315132701470330042600
 0261144609330287073003490330083907331368034501
 0236103806190061174120230336034705320830014000
 0230018708610075033304420645193520220533086001
 0248015706811159096102441384045603380431034001
 0245093201431226144805490332056406461955132700
 0256198109440559032608320144137704630774068601
 023211440743032606420951084212461325044101
 0254203407731743013006321934165508992148024401
 025504301761035113300830033009240331052901
 0243013006450750053603290946082903301330013000
 0259095701740738146416720741073119400634076201
 024902490681144219631240175901281322092600
 0244134314550355093001470438033104300137033900
 023403310129144711750700085506420209093000
 0258216806280150027503881954077313282029116500
 0259046401671350045401530338194201340934036800
 0229082909321031024200590133032803300729073801
 023701341719092801361243036007330143006700
 0233163304282020033107300467012802451945215000
 0261194806490487104109311234194711620030072200
 0232003004470925114712400156063119341928015900
 024409170723047013631947083201260731045000
 0231013302590644173619460930053303540328003800
 0240002306521727015102420131124220270353084400
 0229213401320341064013371746055109630263193401
 0234002820290345055707560191034003380671033100
 0248024919390039062708331440052609390837043400
 0251066204720029045711640129032119311735094800
 0230065407640362133417331943084309471956114900
 0231203806290247013212171721012707400333003800
 0251048506880138193404390731131814480730095200
 0230086409272147127312380239003310341255046200
 0231077621571234117520440163162606420145034100
 0244136412470473095203271763054703300527011901
 0243125111411442093016480346192919420655013000
 0229045500401225093604520630032619391746013101
 0256133206380730033907411935203701270830033000
 0243065214442021144205451384043101420260012401
 0230066502510463127412552022033019400336003000
 024420330729034303280030063019170329073001
 024309421137133003310330045907330244044401
 0240134804630345024603021447073406531249096501
 0232063708310939194108272128042904441244132500
 0238194704470030053001300444024312522017065201
 02361943123920350864042911420643135101
 0232164017392020123506592132014402421044084200
 02592150032813300339053002470339075100
 0247129221790279115620420093075606500331053000
 025006330154033012411322023207722179092800
 025401451147043209381933133203320251122700
 0248093605281937013705270528033013311147175101
 0243216102080446197806730863015017820959006601
 0238043709300431023312492147192500441934043700
 0244025803500151194519470852092106570024083100
 0230044001441939053816640824035003330529203200
 0254073708292144093303480327113704320332004301
 022907400961055104752137063801371139134800
 0234036105421447067520271954213803421361014200
 0244125306570740092812450451193000301067035000
 025300371947123303440330015609450730053001
 0232205012560677126607270368193305301628053000
 0249074306580928015604670827003014401944082700
 0237193203460641034202330940042700662112075001
 0244202103280336043501862129131907680642043800
 0231092811340330033219261623053402530712176201
 0241047712360929105207380015125306440741174700
 023111560090196401430928074601290756063600
 0236074119332155064601380934033002430025171400
 023303360631012902000026193903300944073001
 023721391981032820360332024913201943033000
 0249094101490113033203300330193613320482023300
 024902312063077806570355194901480330033001
 0257046119380871034101350661003009280832033500
 0242088601640634083013671944033002370930123800
 0253015509450341065812550735133003600144145000
 0251016113500458033202420173033306310130204000
 0244044506350438193619670928002803381042074300
 0234144813611158064002620813194009520427013901
 0247163003331960066320691228036001510250034100
 0241025307300446193401620938006106421930073501
 0252046111650636094417341262083000300766014700
 0229136504550946013306250446075003270331034301
 0256004706702151085001220853013719290940013001
 0232137807510463017508421138064909281246024100
 0242144708302182074503300330065909320028017300
 0235035311480363092806580044042812381940024601
 024505471962033213241435066407301243013300
 025603470327136309311939033206500331055500
 0239044709270329052806470328163101450555042800
 0230023907360730194021540743056406411335093500
 0244054006451335023203281273092505450435213600
 0248124106660129003205310730045702710941178000
 02351329072702401746019003280162034301
 0250045819411260094406420330132412290751033601
 0242203712412160033702540030173908432143018500
 0237016201431720093403420661134611450751045500
 023009202155023605500736034011540614033000
 0229094312231619124005500647122704480836113800
 0244075103510247084113690731093003350649013001
 0247214801510330032811460033124803300930192700
 0246043316270725125506782152177703310134095000
 0232097506751347192704570193145117000328124401
 0255066019470529055304530730203005301327053000
 023207300625032813230937044914490530012900
 0242043401320328094407290131115113500633025701
 0234123902281311013701700933195203270141032900
 0232173700292137113203381221093008371234124501
 025105290330053007320128133519320543053001
 0260026203650730114903300330226319500932134601
 0231042404570328005412400945193006290251034901
 0253015510570547125313911451202804591741116701
 0231024501331929143004550300092606151738132100
 024811680963132706721934045504220234034501
 023107510458124206240244093512452136072800
 0232024307310021063808310138014403300931052801
 0239202506531666054204430330014303441139053001
 023304550446005206401059092003260330033000
 0251019416950459073801560442093601370330014000
 02581751092301660143194419600498215500
 024016301139024906410346094304440831033000
 0239132608771116043519430530042609330331035100
 0231193313370964062807240128149901210753049001
 0259225809330846052814450699148200340731034800
 0260065704690760073807351444034509280030013000
 0250175501190468015006311334021520610329013000
 0252115212392153213909261334124103390658082900
 0251094001470532114403330329194419301340052900
 025711560153087602500330032113990130073601
 0240077021400929122519470352018217490023064100
 0231115502350866052810391337173509280743123000
 023104441958114605300723082707300330092800
 0252193604471941073214540460005904660928033000
 0231030014460544054420380079072802410196123900
 0232133506211045042921350944083005770327033001
 0243194019400348092700420426042907670839017601
 0250203213390728124319360338032819270331014601
 0251015219351942046703541246133207300931035400
 0247093907530487115300930141024601220147033000
 024419461321083219532037023005300632053001
 023404550210093001300676124305291348213800
 0243138409540335065221290342013101400741033001
 0255056010570452112809332130069107400299132800
 0256036313170744092919601040072903300366213600
 0236064604530034013712340243074609271713043200
 0253125103312037039717461955064300320131056600
 0234093719572138063404291141017013391445073000
 0231064413351961029701220868033003300330094601
 02510765065004851398013704291233211601
 025308460039192519350675049903300463096200
 0230117801251926194413430851092907581748062600
 023416351239013019380658034408571043116100
 0232084402472137003809320326043906400729170500
 024504541328191819600445145006370530143400
 0241003411431441193821610935194007370750052700
 024819111949073004310969032304410632043001
 0231072511770444132906991964055704570930124900
 0243024713542154092108280330052904650355012901
 0242012901300645092900300327054319300829013801
 0229013811780130135120430530072908420141013400
 0260093817371330048819450531036701692299077100
 0248003604271430123419490130092306520747033300
 024501470050125603421070193201300336094001
 0236114113260429034806510330094503240729032801
 0240143808280341174621610629094505681936132600
 0232035908290568126402660941053013260833114700
 024701510322013406320444042403460159093400
 0246014806260379024213310444095512571922053500
 0253116709300047065912570330073007290343015700
 023306441351044803380130033107430333033001
 0236123905250130023000270929063603360452124100
 0253077008560652011900460930033019270545045000
 024421290530134711170330065003390330020001
 026121490673163007310126229910481108048900
 0256195217630130013004330930016500210832073001
 0237006003340642193108401240091807410737073201
 0236194406481141133203470245193409281228075100
 0231093410571352084506390333033307311447023800
 0245007606250244214203300931195007300143033101
 02440035214003390930072703300640033001
 0246014800820251115919380757065610300940073001
 0242195305291934194419490434202813660331170501
 0260139922781177094014500678084801540442195001
 026021421947017716930959195005401149033001
 02561385082919330131014302460538217900
 0243017607051145132807310630024203470929032800
 02522164214008340358205803921372065401
 0261093204911142074802470660124601341338032701
 0251193403990964012812601735132221522166043001
 0255194813340350213909300399193317590452045600
 0234135609360300213921380252083019370330053101
 0251015701592070211703390668073000300339125801
 023009241012062703250055023101301234196100
 0257027409340394213904560662003111541037194100
 0240014903441943026819360341063009440032145000
 0253019619442044024519380656039517530031042900
 023611410251192021360537013103462136094800
 0244092602281367013106471153085103410350033001
 0238016617530185073603491945008806322139094200
 0230085104611336033119190641013109480828030000
 0231046207621930170002421930003820520629123900
 0244194901180529033007301332094903290242063301
 0239045312341348014707680648125203670236206301
 025201601745073009420752009901
 0246096101451738009303390462116001471028022801
 0238132519260341014220381232065203280848052901
 0240104506440322014900380951013802400331013001
 0234087401960132004006421946084701442026173700
 023514462022033007300341073506580212033001
 0245132906431933013003520330093001
 0234072908341936213516330530122803250634092801
 0237074917430737072600410758062904401141093900
 0238116501860253194720370734135604470163193201
 023021280763013608460133062403291954005701
 0245031513690264034717470533074206570926083201
 0261226307291948003206660532197203510730202901
 0254093608190840104204990137004003450630214700
 0259133322951939069908410344016603450531094000
 023701641145213817210441045501430343134000
 0230033001440979164804451445064319990846034200
 0241024717410938192813310149193906320303033100
 024106310254013009290020083803261248074100
 0248099203400354103002450645013616881158019501
 0248024819431689041212662031118304660357013300
 0231076203300456035000322139073105280943013001
 0256016607370399083509500029194119340130064700
 023511420212016803301330066303281940019200
 024119481627013003290429023909420629172900
 0234195900300339144009450724064521361240043600
 0254033909370482023403991750066001521683193200
 024112540739131519451144093307600127063501
 0239074907290436136203420244193011260931143401
 0260227308731148069910652036074419441627033900
 0251042800570141013009280463033001300642054201
 0246014713860458093202491737032801431447037300
 0229070509440530024000300444044907670628107701
 0251215004820135043201210929134603290330073000
 0242035603580633194520260135123719500046073301
 0252095421350676003607300330032805350331173601
 0232002501432137073009421234082506370543144500
 0237045207341242093813281941213007400130173900
 0247116403300330043003611353094301300731053001
 024101831762066913340346094101430328023700
 0234177814470950124521550170077000640645194001
 0244008509440436044014182130064303400329014200
 025519480933045408290363171201281260002900
 0245035219190556033004461631116306321955094701
 0249143009241335033205470686047612522145085000
 0255069117460351126419350031214309370529073000
 025511462138093500290128035303300246053000
 023206561350043903290932052705300171053001
 0242054104541931034306450924012801380034143401
 0237034419311462034501371069206313480330197901
 0230045206610841093019430325012703381155132800
 0255193419310240063701592034217519311756133000
 0245024205670471194709471631195403302142064300
 02601695037008500667144209372299014201
 0258024809420663193500450399194507520330033000
 024908450160023511540061192409620664044801
 0235125820111941143401270086194319270642043101
 0240104308420730096710401759035216400330032800
 0231075614291686024207000189077009390341117100
 0259016309451081066305811942007608361140013001
 0245073114670834032516280130115109170145122700
 025600281972016608530999074907300639175101
 0251016206280733026611481344072219410946013001
 0255125120380132007004560899086106631938013601
 02370300124013290731064004540329053900
 0232107506640404014309800150019601581330074501
 0239144301701235033112440031114409320646054700
 0256044821490367092606690438002921581130143700
 0241115213910681214903310746174207222066014901
 0259098303560756132906590330053202480330084801
 024604411252144007610144014200491731053000
 0244014912481779095303370129194901410339133201
 0244115201540082214401340342203106560453194900
 025922681081035601621331117320301940083600
 023701350739216106520344204200670454193401
 0229024219410342006214452025073107380869173900
 0259092919430343032903290664084022391332118001
 024803800465096601710331136601472112053000
 025906551247118003350242033003300429002900
 0249015708480446082208460629093113271749011900
 0242063104310855024107291322033514480937084300
 0247035602291629032514410436123009560154054801
 0238093701410767005503290349025701371248194400
 0246137509660825072901330343123507381782044900
 0229008809421423064302430130033103361763072901
 0251193401272151046404971272105909300745132400
 0240018406440451092917271250132212351141083700
 0238016906630564111612320372101619250049092700
 023321381344093607280327194203320428033001
 025620410254143704471170014704340645132901
 0248013009920330033004521146064001451387194901
 0253074520830728082903450362069717531328053001
 0250064901381916035601541740203203361334124700
 0249135814841912024303440334014606570947082701
 02500466038300330730046705270136062800
 0246164705301440195306630144093503300130033001
 0235033701350342132709280537213903260444042800
 0231092804630829074403411329013005341929072601
 0238017609250645216200300132123305300133043300
 0257175606921960093503340445138519430276035001
 0248214709270446043006861168006407291928033000
 0254089912840430063704332145133209401161032900
 0253015709270744193107351316195819190530033001
 0234019608740631202902361942013200662147032901
 024405301937002812540942114221320242033101
 0250195301600330116200331925033003300737092800
 0258083020420448027803371330083103301153013000
 0229197002621345076106271156053409320530033001
 0249068800610951123804490731013111220329013001
 0242073009441449195414310329083002440642002801
 023110500448013720201328104107300330030000
 0238093619341956063419480452006012350328014901
 0229069204761942074413460130202503260732033001
 0256218203610353163904700124066917530927193800
 0247034904641442053006402143094316311748035200
 0235095801930664194102451931042901430743003001
 0253084612401326145720530730215601300356012501
 0233024300430344093503221270173406330530073000
 0230072609230730006403310172043206631160045100
 02370928033000271151193121370130063100
 0258139919430259033805431134063809780367087801
 0243170809541339034301320732013603300339033001
 0251015512460829115204660037063509520138026501
 0243003009410335065207410527033914420840052600
 0246073307300348025014391327033120840147084501
 0230045707320658116319990929133307330320054100
 0233194606421238092907400232003210401035082800
 0261095516991437194921360671078603280870013001
 0229099900351253195205490739073403341958066701
 0249076509281163075003491949214604940648137500
 0247036503301364084603300245094607320633045001
 0229023213260932073103300137103712391173055100
 0235024712370352092608320761135104290153033600
 0248061203670385135808591468092704460550013000
 0252093619480626133011350243124601310143033000
 0242193108690330162609441944012901440527025000
 0262106400271243025603290827117322710935216200
 0254015603362154093005300429073007300842163401
 0238114709311247192601380259014207691625124900
 0230197007290524062103590345093607300044045900
 023719420461013006430026033019370530084100
 023202530348073020630336013816290743033000
 0256032803550499176701310692133205610947017200
 025502630161039903630461193611791259169300
 0260092619461149085522520755074503341965008401
 0230193020650730073912341148043404471040003400
 0251024611420943133203520173175303480332053700
 0255092911720645044512682136214600802147215601
 0240125204451944066104511446132902410948212900
 025922560679198704540840009904490947076801
 024213491441025109282142125606411446013001
 0251084707680147046506471751202804341313034900
 0249076604340483132601440457092801380638031300
 0237092619440245194301450138132704280130073000
 0247012204690945015203571979193900590630075301
 0259225405310932045219470357115513720345033000
 0247066221422031193903300232033504490124004500
 025821530242093808580136034201391630064500
 0256204405520170063804301639074701651268144300
 0243193903301942092601510117127800350330012900
 0236064304550925213703490529006503301464194200
 0250048706800530003007302034215507300128176200
 0248044700281129073209381962033303290137053001
 0259045114611649229201560431065107391950094200
 0236064204520071033403292139015707270934084101
 0248035812550655033603320729094904760129003200
 0258144707320273053001631631053007860949063600
 0259092622670846033500991145074303391267194401
 0238204504590742024216930163043506472147033001
 0242136210480247204107290147113606430345033001
 0246177620920426133314410647046105391144194901
 0238045803400129035010400329202603430129135000
 0230013903840340065907700345204416350460013200
 0250033002460551064700330330118301
 0246015016410730093003241935014817781956041100
 0234193813631271022805300330202106460130033101
 0237043804290929082919411245124006401115132400
 025719710335032919401679099921650145074301
 0244043306801945015607432145137204290948045400
 025500730825075321540932192707290637193601
 023117380187044702470355092107001635194000
 0235193307310342052600210343043119461247093000
 0239203600241044012917291439113408360686194701
 0245132914400943046910551933022805400135194300
 0242013209420023103207291935045707180328174601
 025406371038049600321241115809360331033600
 0248087309331161144603351434005903350182174800
 0235063714141329042802411146033007280330203101
 0258133002350329047611670660072809240147083100
 0244132406580921193107451068175201500143071700
 0247194202532144042820280431114413410151128000
 0234203003410130013205161919073500581920114001
 026119480459003107740256086904672247035800
 0236124320240333004803300437032907301442173601
 0259177406450330132903570333032901510346201900
 0237013517190630134609370231033203300349072801
 0236144212441944055502460932013806411333171401
 02400744102602390942035201312150132700
 0251216611350855063307441342195507300974173301
 0239047612440962045717290186136006420529033101
 0256033317691147214906480558033800990930072901
 0252036512491344214014390147097004940628044201
 0260225501670130092800390336035211680268147400
 0238172516270144073107330727063912460232092500
 0232044508292135094200210427032003300348076100
 0229206207630021034006501260012911431239033000
 0245047200250142126811540628125209481912084400
 0253195421452142025617400827017309340149133900
 0245074412530929033203391249164219170830064500
 02380128123509691244066203630759024301
 0242067114530445193213641945034604500925018400
 0237075716610185096806411752025719360447012801
 0245197902411466073108411934132404740930213400
 0247217801240841194714401365202903311936124400
 025922770937084703320152038206570477132800
 0239114002401939032512541351072906462157092801
 0232046403611477024301580327063909261941003000
 0231087208670136097514400733004603330441062701
 023204300950033319411932034206290847004901
 022902420338202010420352075407400679175200
 0242014504330327146204280330084809420727132900
 0258093105360843009517670333195203360336065301
 0237034619340732124114540729163009370730084601
 0247018809430259034713941254103306420360125000
 0253035800670155024121450554093107740660043401
 0237014703461235134306410231144209480442033101
 0241144617500329018302511238084400391461093800
 0256047011521253131719400351013819380664095900
 0231111414481624013220511216034207581747073200
 0234123517442034002601691440106106310328144800
 0246024419550454066803300081202103250362115900
 023811460431162801700329101601562024023800
 0236143901300778193907300436032909241328033000
 0230014009280188004106701730052604622128194301
 0251016011910666049205411658193603300232094200
 0259198812510832037703291142209521370767008101
 023403141326022903461435073007400727013201
 0232195221270326033000290205194121320935084301
 0249082903370330144006810232092603421339077600
 0243214003381052013019340943212803300740164000
 0257134008320275033009390436032917490530214700
 024803340877093006360847033113251439014100
 025306790557174021430497215421450828093300
 0256046106291945014009360133032903301331074000
 0245014819340643002717331952096705420343014000
 02580185113807310931069916310348193500
 024214311385105709440351144201510324076501
 023801831947132807532034064619470328086400
 0248195716250640025704780945033001301247032900
 0249067904681440125707441257131609350362024100
 0234085806441240138505450328019409250132032901
 02430329193908700652144513680145093001
 0249115009290648046603420153125313220330032900
 0251033009270743129408310651024316330330017500
 0236003809220643071903300738113707450729042801
 0257195621630755065600360359020019280441093000
 02510085105503360353072403421743032601
 0231085709771057124304740192060013560248074300
 0260126603640664229909470368138810720330053001
 0257214320681263075706260157133807330446194101
 024421391272064611550137093704591947003901
 0254193910180245003909810771174121460629049800
 0244014219480997032805371955033200390613083401
 025501421152138319470142175407701941022901
 0229093406520455012603300728138303310745074001
 0243077119421939092201301370066605300428193301
 024811870469085900360331032907220830143300
 025413980530065921321454093004330350073701
 0230093102591963014600330640042801580875045100
 022907611951194614320529113704322032134100
 0244203903480350072810611353032803260530214000
 0238083006470352193402240927113716240141073300
 0256125506611047094019441659018207660264035700
 0230193612330921067008470028083205260333076200
 0242047913550882094507490650192919420541086600
 0248144719461948063113241445033007390948013000
 0259017304580356216009330482138502790754062900
 0257194000650130056912662026116512631022073301
 0247017709460753016803560131124613711152063200
 0254015119300358073212491140168409320480013800
 0250045004820468203401600730144107301323064900
 0231087113750262092801451935032304210328033001
 025111660255032720320465033701481669083001
 0255003819650692213302401936214407530130092800
 0250032901740926015316951281114508361742072801
 023612821449066209730350032908380437053001
 0240114920420703025217430328034312430450134901
 025703330942009804550830033004940170034001
 023013900330192204610130033014470338032401
 0255028521480030073220650730013017380746013001
 023703001718063904300732034404300531203700
 024503720937064001600331042903301947173000
 0232030004650661117109210049045312430143034700
 0245194705700150042819431373096307420135024501
 0251063503961273103913290829194511181036204701
 023208462024133703302133033003500530033001
 0231093100370230121801280334013304290741064100
 0249194904821342092806290236035301370330195600
 0232034111332010123700580145193407500828013201
 023603430213034312341734202304460336063600
 0244136804281040015802570945033114630330215600
 0235166714431940093701260426124811470629043301
 024400410155111720160642124704281248017500
 023107690130168108350935075501870640173300
 0250175613740264042701302033015421481248033001
 02330468123601420640013304270934074100
 0251052920370027024306671950014103301276039300
 0229113903321325093307250330213702320130042901
 0244030913770436194308242063033701350454034501
 024113390109014301390471025005301246066200
 0237094704610830042919330329008301
 0236111421410580134205300327032401300922144101
 0238096719421330084503411143033119480134195201
 0249076601291341123709260743065403820783084900
 0260076008520366135004880529201922601972114700
 0244018602280642202900300440053004600743033700
 0236194712361443013500220936013001
 023703312139193100590130142806810960075701
 0237196202700323193600350340032906371937202600
 0229032619301926133519340336174007490143202401
 0251016106521141024719520949033214420047072901
 0233019503361123003112710930044402440758064700
 0252064919532140084802641634125411600999039401
 0253138901300647083502210340032801300461093201
 0244014121320023194504310258064407420534094501
 0231092600341431063202400332123703420325105500
 0231195609280627084117360139073002461034162800
 0251203401720629042905431332013803270151125200
 0229073019410460073320240336073919371347062900
 0249068203600744124107211957193020360855135101
 0233217803991061196000850475067402430944085100
 0260056812711970092206642289128300300331036100
 0248033006570849093000601160032402541442033000
 0230145117530435094303300300034804420039062901
 0253033101280942192606401135138703300430173600
 0246214402561734075105300131074813292095193000
 0230043003270330015907410929142906290424165800
 0229023907300130064017340037013109332146073001
 0231214604312029049207270345015207601330013700
 0232134720200635194705451736034407321940193001
 0231046809610767066301261350193203420832033001
 0236045020341937033008790238192719420138002700
 0230092100331931033012411930033114480328033201
 0231075800990324026001340476093019610144033000
 0248003002610128042910350930175812430319085001
 0245214103500027034301440333062904300331204200
 0244009206530337013107431429094503361750013301
 02411134094308260035042907371935065401
 0250137704340447046909291165013401550650123501
 024203300942034406541383196205290254034600
 0250195102311329065717860457048009340130082800
 0231024613510631075309651933044719390357045101
 0252203203322142075319381366034712451153064300
 0253175812550134043208601366092405520133125100
 0258203621660133115803482143134907380170066400
 0233166203300954173711470332072819340630033001
 0233003112340642170009260328193601640726012900
 0234020900301938013003590328092819260542213700
 0256019913190763043004551742093019460730014100
 0261002906500138032919430499092807501934036800
 0250092912441454013913240641032004500133015400
 0256125203611045056508490937053713991947024201
 0229047507430942033106890728135207322169084001
 0247033013330329209807290847197919500464062901
 023400581925192506300229114401260144092601
 024200341235174503480628034209270138042700
 0252137504530337094204290351175506310730073001
 023412330033194203300929033006381036083400
 026022640765028309421335063204250530195400
 022907540234001906340141014503262061124001
 0234019911540300052806400920005203280530053001
 02470354174506430343033003321329093400
 025513992152056102281937013012520857093101
 0259195211790165038813271747093019410433226600
 0259086700410836174920490529013012651238034700
 0258139901780275016309300530015203360439052901
 025409320282066114532144072804630029215300
 02350937014101260629024600381927032901
 025301300530007201311153035106500338098701
 0254204201430431082901310399003101290527053001
 0251003106501497093107740328215112480543012900
 025504591381213503320333093412940342015701
 0243012800280332014707232030014502120681194600
 0231065710351933014013371933036014450936175200
 0231067713440130120409341176036401990351045801
 0239070219650344024609570173063813641947083701
 0250134109900152074203360346124211650639015401
 024503261371042806330930194601510328053701
 0229202813261941054321580136034612380613073000
 0238003809271234024501780754043412450351197500
 0250195304460929115206530452024601380026032600
 025922701240073003290034196405410931073800
 0231204619350459025000240328033019260665214701
 0251113504660465123613241244099801301947033001
 0249015817420337133510501938084801541238093700
 0248137721400753096511670728032803300152033301
 0229083100650261123901301144076409210530033100
 0232143111311432092506391738193204390843163501
 023203320842116809340246073113361927034201
 0247033303481753093821461324015314430569052500
 024410460332125409231659056914411951064201
 025313320335034505310330044209352135043000
 0232073012430245103903311450143100270923052900
 0250076613280834028519560379203412351938033200
 0232033109341238144904380529083800250730020601
 023301490734113304260641002620540246015401
 024519650141125104560330033103350930006600
 0256003606560773014314641762203503300585074100
 023004920543132811480940127001281438193400
 0234193901300925123911571359033407340423193401
 0259027709321463064410561649033005300835046400
 0235124106460431015819270328012700270458094600
 0251026612360067017420320733033003551244012800
 0231072103590284125609341946034713580530033000
 0237073513381447173820720431022012430163073001
 0244093104371734015100370533032408511434083501
 022911491384049907510637217403290946047701
 024809390155042811270329191803300526025000
 0246014819362145014304481361024703300579092901
 025321450080076209310233033919261928126001
 0260037714420330078701250092023409380659086900
 0240033802461739030309320046013119290770042900
 0253065121440467033811352143082813910972025301
 0239124016300645172707180461194303300329094001
 0251137405270752203208300730173702270138114201
 0231115713381235093106300715194008460140194200
 0246014806560933011907371454025103300430132900
 024109640081025301290644144004420135032601
 0255069401350157073919281942093305300528139901
 0242092907310081053007780443028419590664114900
 0255145820250337132901551753033301340731075300
 0239092507280330044213351770014803280434144201
 025301450695126017992037032713850345125400
 0251091606300118082713240461013204360852104000
 025201630454034503310925133206540327103301
 0259069919842258033009370456132605360430032800
 0246024209270429083600931439066503300325012901
 0230043401290130002101300923084007301242073000
 023505600952114819560325043014420245074400
 024519470256066604520146015113320342033200
 0249028112541247078703810848132809311163033000
 0250205803440428013604671768015503840330136900
 0232095701741447137811740645019212590328045700
 0260226007900871095508511357114407590348194700
 0252016313810656032520370330016103451952193701
 023019290320133207261430124206270242202001
 0260203405360277033113301751033019370328053000
 024506581216093011510238124310290047033000
 0256093007780031028005520154065917681939125200
 0229113817281240014401300332064609300838163101
 0247028004630856073019570130123109251939134600
 0245046413611976036002411782041209790845046801
 0235083114341947024411381238003009542137194000
 025103501253038501901382032909240129023301
 024804700925062703370134214002330443114600
 0247172410670633092802420122015214380176002200
 025807440146116002390838015000320929192900
 024303620529014505281352033303300929193301
 0230123203330332032916660847097512440732193301
 024112490835065321621234125313711150178600
 0237026501280730073309730470073806480133003000
 0255073521510980033319191326062905290225034001
 0248067917240435106814420331165011760850092900
 0245015113660930194708330144018907540833065901
 0244014004350128044211381333104106330139093400
 0239009420390426032904230129126203500837013001
 0248047104311754123100970830095803570631191201
 0251092808290630076903390346082316311941194501
 0259033700302286013206442145034004570453204000
 0246194113631238064919491935053020271939174601
 0232076302490627045700901044105119250951033001
 0231127919640332133609360757119908570658033000
 0253107606850296044903530362008809440145143600
 0250015513792031193901481942026314460326033001
 0241025503450948073003030852194300381969065000
 0234005809500330026412400134033012672138037601
 0254093106891958002904501460033707540244213300
 0235126903430331023219280546084703280068202901
 0237064401652036136001840352034917571268193600
 0254085008340636093603440337013013380542175801
 023805761925085114330938034217241324034300
 0229054419390627090802270078044808410465052801
 0237135806220330202914560430024414410752193701
 0260126209230729226507310146003211210840073000
 0256125306610830035020421439035207301330033501
 0256104906720370076109341929004203300329073001
 025416942159035310330929035503310157035001
 025200750943017512622156063208351957045401
 0232093100340842043502451440033014450730014300
 0234064320301155055419340130194301341624073600
 0242063003400334133607270430025303302039193400
 0249015620191672014406561175082803360830105300
 0240064217292146014400660330074520280438073001
 0231033005400330121903472156202901301330073000
 0245031600310146074719330626092911611433125001
 0241014309290330085501430245072600341440054500
 0236203907441367194119390239084101290618192700
 0230203912660431043001420635193421370146133601
 025802821324063207341476094901580742213100
 0248047409400653174805360130195912431250166600
 0243028605080947017814610673086312530087106300
 0247074908220279072920410746012906311364033001
 0238092403421947053003280120144117420026063201
 0257017108542043127311591335196107300272194900
 0241193712340330193919380345064509920247132801
 0230143900770131052712440921062811701236125301
 0254134801390453093304310399128606280130043800
 0254139703470331013409262131215004361739023101
 025803290036196006620329176519320333013000
 0247013309251629083319301240193204300631076300
 024412391782093204301943141703280641032401
 0251201612320018125103360128066002460530031200
 0240078407700184097406860749075021611269009100
 02420094084914600444218619360157064901
 0229005411381928172807470646084004512059013701
 026222440059048610500930014304411962196501
 0242033100811427035001290332092019360836123801
 0257093501660655033003291647033003730428023001
 025701450361093204330491024406941399056700
 0244013401370045032303310266064209301753033001
 0233127609270760017317730530066701491356082900
 0229132519610124093301300668032403280447083401
 0246075300801161014803521939073020260331195801
 025001551995045901272126096000690751053000
 0239033003301242024713610927014506300429101801
 0260139908501267025309270749073001300729225801
 0246125512460652032713261155205303611934044901
 0234072909290547023701410636042808490058073001
 0258098604751936005403300330020105300541073001
 0231204900310143064411381960084319310135052601
 0258136108310344193702770139092408801952083000
 0247062901380147115704490124143913922039015401
 0231033120350330132421280731046421381943062501
 0238018606450132195319470247007603342055033001
 024005610338125112691757195721470147091300
 02310939055612350140024607160024043600
 0253125508370928115213321944034004531940055400
 0233123304300235073603480052044704271937096901
 0239026504661626064612510126014601300134092500
 0231045403391744094501510462076006240740002800
 0251039013630996012603410639042903291948073101
 0251076617541246073003581332064211580131203400
 0255195703310331032919370137007609300330033301
 0241047303310132033109281743133003300343011900
 0246092719461957002012730455175611610326084500
 0251016101400330092806490475133408280328053200
 0253125607571742073613811953013204470658094901
 0246002808670664024403480926042112270730191000
 0231007406280730018504592143013309290838193900
 0241115203230130018410270644042800420923032900
 0259226700331979093105600355083107301751075200
 024801811169086008310333015402460330093400
 0244065301330242018413450129053009221736013300
 0245117503350327176213780634033103300331093001
 0259044802590330203622391262007905420328032801
 0244132719460739125103570751064402301755095200
 0256215310650130084913790933083511700560069000
 023304651932172019320206032712450939013000
 0256063802480154013909310142003501731940035000
 0249175613541238073906700154092407430130214901
 0256093705601753117100770288037203720330215901
 024319392041042902321359123606302143012901
 0250134103470130124106350330104003412028074501
 0259083500422179034808641765144801570948034500
 025421521158073105510525123606490925138401
 0233144120260651032900590530046211461441033001
 025713521022093003300672034207760275014201
 0246045704391160064803310462024420240356134600
 0247008203321932084501430845025107261257203201
 0252024606491932137620351963146005440764116200
 02450080014101470245044921350348073001
 0251133712520535206706880136053001311457033000
 023217210205141506350330033603450128132200
 0241139404301253060901432027011808390230032901
 0238194203010646032901331244014513281930203700
 025509430134064421461749017216990345126801
 023717350454134004420115016306610430033000
 024109261697033010301936073001210673193601
 0233044114480447195309300745004801520236032800
 02430044103908270831033607700753202501
 023812390241094211340130012801340327013000
 0232097708570557077400551052033806311926070001
 0237068120590441133104420442045912400452024501
 0253093713441253075404480659053117430830043600
 0243084305300449136221420243045707430929082800
 02381133057714340343172520370354132400
 0240125319390332113906480933044921421327044201
 025900990831073717560474035904920940227501
 0250065301321328116609240154192401370130053000
 0230072504781999033104570652041909291350045800
 024307291939003001300957053005350138042901
 023202511229193513370313094105300330032801
 0233016707450333076508460147134909470745114801
 0230032804421751064202600445015000300132204900
 0240066709911390115201241234014501480246035901
 0253065309282146003012550745013402521763039900
 0230049310480445089921640937132905350127033000
 0251053502511146054319721929135108290941063801
 0254094302550140077101460022213201450530013900
 025201520344013111620195003605300729073000
 024120410028053001440427032807370183032900
 0243014316691445075211362177212003300981084501
 0244043800290328042906300930042904730338122900
 0243093007240444045008320329033019490130003300
 023617150640003919282086012904320330084401
 025010431987048101300930195221560641133500
 0235123407280863124120370637024207500758136100
 0235034204360330034404280926213903411330017101
 0240018402700081033006861783035012691461093100
 0245002604651935025503262140125606832061194501
 024113200130013201440141094707450530082801
 0260028709711267014413490471086407630632229900
 0241193809312183035706441460032711491328052800
 024202562027042806321944003004351937012900
 0231139905210252062401190431052804631157095701
 0229019219411631024304760924102404430641193700
 0261017313990950088503390162194806510331216401
 0230194413350341084406640127012309450845053501
 0246065914472050214704531158195600411217195600
 0247045609281920195506790123024807540457008701
 0255077207610330013017340025193920990357063801
 0260163708622278013008490745025409480499064301
 0257087201521333046007342019032806990142054700
 0251144611640950035710380157196416220130073100
 0256066004580043033403301138033005620928033200
 0237034601261342124007650128194102440132204200
 023709840561057902691362065003420330212601
 0236098319290345133712280530193703600357065901
 0242020011422027132903300771034219440138045201
 0235213720280641033007431337213703462152033001
 0246099811610779102917381057032913650630013101
 0245084905451927133003290212032809380763214800
 0250044509290154073414671334024617400427014600
 0248052821431243103406510234131609321952053100
 0242065111360929196210331642083004370451033200
 0234203014451273194401430058042301140245193601
 0252203506620763035908470343012711610044052900
 0245209100490146068011590249057007290832032901
 025619640646033103311330055303590756013400
 0231175103640477064304581976202600440133013000
 0249033512800856025213311442033003300495203000
 0243125302311336093601750706034607280872053800
 0232135203260336173714490919113508411036013301
 0239194806411931053408790928033019430254132600
 0235113919281046033713520335042602400335202500
 0251203214391727034804260128116603300330003601
 0239074712340726166209420526114014341937043601
 0259067002591927227601640168093005481633194300
 024300820984033211520339125305231940053901
 0244087317501931033203310634132201650443204300
 025113791955203205300543013021330129033101
 0245052912500953113501471441194708710244135301
 0251049004650391015906321040133301400330096000
 0241146106280541092913420330083221680843025301
 0259018902860673002922512032073010362147073600
 0258163101380750069912621169036309452144026400
 0245068707530144132201510832093219460330015200
 0230215200550139203612260432194401290313011900
 0234093007591141193801320130021103350657132400
 02420884068121501684202911510244193001
 0229003507162129023909360546033611381234194201
 025121350166094401271927014203301955004201
 0244075209341146023201360435013721461925137701
 0249015603300937191917420329033404520092075301
 0229032802321241052803370734073003300923132501
 0243013003340530061405380246104516290933052801
 0248205708600174035513201779196414380672023200
 0259226919270663033004512032192903360033028301
 02300324193609300631193016251971024400
 024917500641093614401631103003300330194201
 0229013209332137045513220444105207570643023900
 025803340024026409280351193406990343115500
 0237064205421240033001440927132803440342124100
 0247003706291932046402312145074609291468083700
 0238017501310928071800290735032919340733033000
 0243093705290346072906251761045813310233074200
 0239073102470941124901390145036021420141002601
 0232172013281245032502050635214109330353123300
 0230197009331956043413990256066003260330032801
 0249125506570845033003300328093103281942003600
 025806990164118008421699013019440332052901
 0257056806632035032812650028033019441142023700
 0255126603990543068217481937033002440058094400
 0229017712690447097508461464006503500539033401
 0251125708460930196501471342014406451041053001
 024601480529043302441448194705250110135401
 0244033117331383013001450138203001300330035101
 0237124309280331171903410441064105780030082900
 0234170009771329033103310849085607550135063701
 025009620156032907520337033419350730033001
 0235034902501925073007271352064003392022052600
 0240074801371445103916612028113812520642084100
 0236033004371279032909281939132703001440172900
 0241218206440241117509281631037207300148053000
 0233206116311272054801950244034510350641123700
 0254093319280830033301402152034403290330133001
 0247134017350946033003300836025911590121015100
 0260012804512267031717230860033420311640194600
 022913400228013621430134064203300844120100
 023712471425033307600456032703290992006601
 0260093101410823073900320336022603291935053001
 0255024603290036093121620329034103300132012701
 0233092605260046074701741959193303300425194400
 0239033019380256084604310928123913111254034400
 0259227400360391074412520245069919560935032800
 0245124402150338092807300554033013480330053001
 0236077719550676093617440729169212601144075100
 025403601740167104600336066503311454081401
 0247162609240837144421571748195104201152213900
 0231124408270947035807501342192911370229192501
 0259196305532168092911401946013308300631166601
 0255093813300353193703310328084805610730064900
 0232091913541737033008410564116012460350020601
 0242064408860461084903801149124303330932133400
 0262003719400640074707100329202712541936072801
 023317400937034802440832005001341234144801
 0229073413380133092205310730032903261928075200
 0239044612490542006314480330014211530936066600
 024513820330033007421257013009280752032901
 0233014501330234036609431926064108460040173900
 0255215319371332023001302143116819420932032900
 0237213701380330122909361341064603320330034401
 0255004809331932039904340487074006972132014100
 0251025804810927063101341161215204381631073000
 0254083303410235175220930154048416821933063701
 0255138119410933175203300651072919710339053001
 02371243171619410726084014320530093800
 025201640025194614341143063304381738094100
 0232047604430206193203300057082903300845093001
 024019261139132704412063025404300329032901
 0246116303181942033113270467143909240331063100
 0249146512410848032906551255093616292127013000
 0230084819371336013319340833044301790127093601
 0253065114552051024713270145073505622149052900
 0243067917501038014500360831074508310945021700
 025509331690039904630682126008811938014001
 0230034113250931194417330658023912340126076500
 0240066714450938045702471758084719701360088200
 0258048116290336084220291744128106760157115600
 0247132803321939193106330926114301311280035000
 0247203719371957023300250143045107311156106400
 02460273045620280828116104221627063000
 0233192009770030033001300726012701330446053001
 0244066113681271124703280528096821530768073001
 0231132811420759023109320330033004630330054200
 0257083604710443016603331329043007310641093000
 0238193303430330143901290927172503410152004001
 0237126400260169074006490729194601310839093200
 0237014606311945033101300244091712411351073301
 0246064702491158012004520040014903300916033800
 0256129009300653033013360845025708300130214100
 0252016113810999173910401160124121390447086601
 0249174311570452035001300227134209251942033001
 0249063902430334072619490377074500312035044800
 0246022606281946044504480130077500941161093000
 0255117121460942012803300029016019391024066300
 0242046909310429002103320429022912380351033000
 023804472140093403470855024106340446175400
 0245034806330873033403260064056917490330094100
 0234144800900938193902400325043704611746194101
 0247062901300929139204280330033002480724043001
 025901621155063504312044164707300431045001
 0230114207340240012719441652014720250323063600
 0243196107080930038602680178008901501782036300
 0239037107440259013003321932136609260636083800
 0229093912361479192503290625013803690558134501
 0231043300770330053403000148082719410942143001
 0232113700270921073102320330123117380132053001
 025606560331169203300466053001560330033201
 0241144013281251032709211252065402280334194800
 025612560441073306500755072703331328093401
 0229093104450052013701340437024303410461042901
 025113850163045902440328094905320833063101
 0231013516360634083203360241094119382129033300
 0260225703301942033207340331093607341325063200
 0238115104290148064509280843035117230531132600
 025007450432116320270430003421380157195400
 0232123103341446033620290032023112300135064500
 0231053008310328013009260046192919450766124601
 0247074806280930043001520331013001300057042801
 0243123606530258136201300530053010530335092001
 024712320164194014411667066203310329123001
 0244070920770429073000681164063103490330053701
 0234136208290334197704690756064412691245096400
 0249054811551439137103491750092704670766013601
 0251039613310473063408360450119809460463054300
 0242044509290671125216280256193103320434103700
 0241132714400134204701860330032907450651073901
 0260227213691945194904400967026303300728033001
 0239033011490330044100450247035506320330202600
 025301761285139504690778093207490666049700
 0260114803720668226709221932074200330854123800
 0251193313370757012712720744087012590930069900
 0251039404720138064203491456083309290356009000
 0234013109910700193400580639032703300528013001
 0253093900410332046103300330043205300330063701
 0231213801130926004201340528046005310743023800
 0229014912380036113701450130045806232046083500
 0253092212540660025412321927125701342150163400
 0236214600590443213612510916016206360329015401
 0250124101530945145801300450032003360157004401
 0251138103410982033312510357116001570337031201
 02371318193004312022213808290117034501
 0229015112411359195112410735063417291224092001
 023801330177123309400433002521530134194100
 0245018709290446131612530741071712501731193200
 0249125520341941014602520482014806560029084700
 0252082609411954133221452142033205300153072900
 0250075701280345093804490337174113281040033000
 0258036100360928033203300331193301290825033000
 0239024020501939114006460345125513630329124401
 0246071809300442046800330229014801530630033000
 0236052908320964023919521142064619422136134101
 023611430454213702450737062103481247132900
 0251013311580156094104501261134305320153025600
 025708770326193921290672093803310251194201
 0252093414390142133412491195029604650138073000
 0261075221641628018322570429069902500933032500
 0258169901451933033001300530035609300330193801
 025922571397074504530392037509282182194600
 024509440146032506390342012713570328194701
 0233034814390842143217402020053616560644042801
 0245176312750145003101580678024803440849098300
 0252092906400359082708330496009608350128082901
 0237033709680423063011150315214016661241043001
 0230066319361071056509290331105105321946133300
 0256036100640128062804601261094704410129024601
 0243128201860727084908500673098402510129139201
 0240018202261750006509291249064314410836214000
 0241123409651961135811430729194103300829044601
 0230139904451459093111561444215806750330015700
 0247035209301627024708321165144212520468214500
 0231194609330139053019361350073603301721063901
 0242065120630454002901260330074921520330034500
 0234064704550828023711360151013113480130092900
 0241025616410944067704480839125403550849194500
 0231123306280931012704351629123908311437032500
 023609272156013613300330194001280643073900
 0237017708490955024511440062046412430330066201
 0250048403320836095703300726024312551330114701
 0243014403321336067202800446052709501751194600
 0253206107300146215013380138065703401440082801
 0255193600872147073006520499094508540330082401
 0241214303500330084900860185062909330731176301
 0246066313271918033009470345033007411162046600
 0246045500402143094802391156046207320638013000
 0245076203372027085103301360063711530146125200
 0260079309481943025621750329043111650360163200
 0257112108400140194004250330143320310656133301
 0244028004310931032705372142072903260732132200
 0242093601340638044903300330013912431357212901
 0249068800590446093804360327033005450449033001
 0259215612641277136409562189144106990164016701
 0248046703611340115814400930015607270633053000
 0244013302531946064509621237033919440030196101
 02481337094321410640013021440136193401
 0252196313450134093911522152195703300674214800
 0247043013590281013601460931033203321432193401
 0249093701562184044214380146064604580089193401
 025013430641202703290530033012290729033001
 0230077113350445092411492140076501340456106300
 0240047019370926172803540652133612500729115101
 0260169508680435203704801944024606280328032800
 0241033209290646054603310341136601431134033901
 0258196016490663115712500338033603330981034401
 0240013704500035195217850630115114370147094300
 0258092002650334033112711939108501531343065200
 0253133204551256082904330756092401380630012101
 0251032706960468075613270330094204350329195400
 0239024005270458192703300132134706440926043201
 0255125211620633093302991289214619400343003000
 0231046211460843203801301637213702400635014100
 026008762138073701430541126522710739092900
 0250034003840856006406301965092903300730055100
 0260016806460176036900221940213809320330216300
 0244094003361041013803380634024403110028044000
 022921530530043119310636132209550328012900
 0260217619741372032906670356075420420330085301
 0243037320310337033013310646194401310140033001
 0232044307510206194621450055083703290931062801
 0244044413200437043406740335053107660945104100
 0231193917350700193402461351093606310853044600
 024319491325024609360873034703520429053001
 0236123420590344013901440636083614441333113601
 0239013703300646035312350331132707422083033001
 0239033002410431063220270145006219350327043500
 02450448035519500931192419340655013000
 023801781955074716370146024601330528053000
 0245115303571244016205252041124100380143044501
 0229015001300130013304510251165812390313093701
 0231035814460679029909290725035711640445135800
 0231046311560160092721400127005201300727065801
 0248093907620727116012551443132803310255033500
 0249123920340457025306290148194610300730134100
 0232136005300747093307300249123021380130032900
 022903522035035116301934124301350139033001
 0239035001370730064613360751044903830331093900
 023102311645054606301138203607610131032401
 0255203607810129053008310690034703290739002900
 0229023920800445014507411908064316350354032901
 0251064308300927136604250731014001
 023213460135093703300638033011550530173701
 0233177420361946036206370730004603300837033001
 0244031103301328094701380328083501
 0241138114510920119021490655125121430729034601
 0231072408340959066201310874139103300330073001
 0241137419691162035012490350096503451727013001
 0238083709281234133007320137193719470343033101
 0229076521350336037209171137055919341342034001
 025502810931174701701453064203300399146100
 025819531343033804470731196306610934077301
 0237171721381327033811140631092519220130123800
 0244014003332139196511520924163008450244018700
 0246044802430954137701290348063010280439175101
 0236064500830777098711590181044307470748016001
 0249092906290330024219471947011300370135124000
 023203580652084302422091194711380026042500
 0249137207660934074303591950033211500253033801
 0257214501330393094911551627213919732138069900
 0246064609491948016801480745136308460447024601
 025813290595013410400458034720460630034100
 0238024605461426014013620429096304290328034401
 0241014213510348083011340134062904290330092800
 0258033000860138175803300730095403290364014501
 0249076419471933021309290638133210511438114800
 0240143808281627034421510536093603301145193800
 0253068021440244124600460940039819550330033200
 0245014609940331115504261237034804511620022701
 0240002712490652083503550838174919491940093900
 023301472030036719370321113412701346033501
 0241063802431157074619500994033907541237007700
 0231077209281946124519610353064313420834105800
 0232044309532131124321271335063103300553192701
 0236075509921776044600681247114101591929032501
 0253195609441147003019320329033406520530032801
 0256003403330742065004660333072703460930016601
 024601550730063209320282166603530539045101
 0250097700281440032903490631015221161937047101
 0230129910450027114904700258034305300934044300
 0233168001992160176012750674036911490959085701
 0231113816850641177707590976074503291458053001
 0258126006590237202919351274163003430829044800
 0249195011460383064400950915125503661240085001
 0254028004590654044614520446214301490077093000
 023503310328213819390731093411641328013400
 0240198407700284097406860449015021611969139101
 0244043603361334063209190439122708430178024100
 0232014707000846132005441970084109470134064200
 0240115414460838203001330749215304420030083000
 0230166402400473093801460131086006291929193701
 023912530960192701520331064702440340194400
 0259028022730699074721530838094713322161128100
 024611640977033114400636025100800742033001
 0237114517381220055102410337016513540362092001
 0257033009290171077306561330033001300730082701
 023909110734125314390435194619261134136501
 025921510359223303410644132809280141073000
 0250068801581480195208290729095808301444002800
 0229002817502141075220820840035006390140013700
 023001500830024213371251036503440439122600
 0259072904301396013409480330074603300449176301
 0233024603302084132607300467063214350730213801
 023313361733072210680207082901310124042700
 0259045314370643033712530369204922600332164801
 0230012807651149065404450471036313600926012101
 0259035804492145226219260949008204630664113800
 02510428013004622156104103370753002800
 0248005809340659144603420234116103330334033001
 0246144212640317073601550429035709301329066300
 0243009207081951037319610673115310632028013000
 025501991993214500310434043619672152033200
 0239088311801257065002472047163901440329077200
 0245096913800456032507650332044807280645036901
 023211460146092514401628089512470352033000
 0251069304711742012712480737003309410232083600
 0231072509521177035704580337075206301349044401
 0233046902341242064116210143114808460920036600
 0252035221350330094205301163013807301337012901
 0238017901330445138619760646214609460247012901
 0248014521410461063609421747053413650337035201
 0233003404650130095708440634032803301939033000
 0258025004511175033203281330193601760450092900
 0249048109250451143905430343023106561326032900
 023006331335206203300144033001300529033001
 0244014119481248027706270932045413330130043100
 023006422148122801280828042903310440094300
 0259044601670699093308470249128311751334073200
 0229034703271728013001310024032419320432202300
 0249015404790059114721540941033408490686048000
 0230055509300143043203311636060005390847013000
 023707622160033701280531083204560182135900
 0254203310181343024406380454194703300327032901
 0231132802532136044507520735093305450330033901
 0237205302611330073312460642016211320332034200
 0242124603291743033000300947062903320328034800
 0230197111490843104513610657124909260330012800
 0256195406521328026011410433104603362024013100
 0236171519360827133703231963042908380948013001
 0242045006510151002714480228043400
 0249215209980476124708321948014506320429135200
 024608430346063307480027093021551251024600
 023617440619213619390539092800281925034201
 0245002619340835026803420947036103301934063800
 0254139221500128083504291929092819550442192801
 0245093000471152014201600359073101310831033400
 0245046419401749033001290077064509480151116001
 0252093912512148013012492140074516800148065400
 0246076516260868024503371211032509540530053001
 0256056006560354093717541382193908340731014701
 0239132705360544024811480330064403292028123500
 0244003401870328074302420134053006310940125101
 025103340330053317331148008406512037033101
 0252119509930431014303411951073006331367074901
 0262227203671065124411740027093005280624014500
 0238026009191248054604470061043201290529033001
 02441456013020300137063302430540043900
 0236013012420925124600390330215212340177213600
 0241093007301234014611161452066402510144169501
 0229124708291361125212450728193409591233214601
 025302530933043011962131195101300346163500
 0234032919401936193819482026063300290730043100
 0237124403010174086209720762073006450128132700
 0258017705280137013201280930125006601630072900
 0230092805460730054805410440001904290461013400
 0231076007590033105807252029125206570330013000
 0245037013611253034207291767093906760150044900
 025914521283025911762250053012710733096100
 0262106300410372053506600427093903300746177300
 0252016317401944065413370160032601272037039400
 0233024912310451013001300337003305300423092600
 02440351092319330630032803320232036300
 0239098607441949003211471942066219570530052701
 0245092302381321065907410148172605340530193901
 023704590328030003430639171709461242003100
 0260133206280335215304330451077509322268125101
 0244094713300682012804640149033908530343056801
 0243014813910452043107070157195302492041012700
 0238017912460631132705291234117203542045032800
 0238093302300874064401470331007804630329053001
 0248116813590433093719270328124807300331013600
 0254034912571157044801430336093202370687007100
 0243206313590233013111460429124203570428193701
 0254139503990530026109292145114703300634033101
 0255133001600430043005320323033501372040052901
 0262227309671046195221730330002612990630025700
 0260229909820279048607330761065304331266164400
 0240024720391150074613411247030201321739033000
 0233047507600066117701581061172706430551094400
 0238083111472022014700381426102812340649032801
 02440730013321430563136920350530031200
 02350158123417451343124119780645092500
 0259223613801266092906580845024807740546193001
 0244139309290338024207431737045404300323062801
 0233106301410630133703450941032903300328034100
 024811700860013506820155137814330165012601
 0246014721310329115904400145094919360234005901
 0248163701540938104506341453045102400446072900
 0258194904520029064705290919057519540143018600
 0258072809310141116612890351032906621327014100
 023421482037214702370035074512381946213801
 0237196313270451045003290728034204110940014400
 025101570330033006430142036502390366094501
 023019431236034103460130013005410936132100
 025401370448073006350347135804761138033000
 0233144819462136013104480750044209520027194500
 0251038401350851073211560929013013320430043400
 0238126521451937132709420325072912401058033000
 0239064404461242172713221245203202471943033000
 022905521382093503420138193906280329073001
 0260035213450150195422680667094508490438074101
 0239132004430943123403471727111503420245124200
 0259228108410148144202440453003419400929106200
 024905430933143913731950044714461164035001
 0237045820261946136104480635074003300838195800
 0238082701710941085701290037074706591143043100
 0229046519630655033009290359032713490330044500
 0247016402311232034707331354015212290342202900
 024801761034114403371340143919560837124300
 0248015519370961065217800432135714390232077400
 0252124813290162033803440330116417400938035100
 0249015611502183092817930458063821461445004700
 0230063901881236193621461903201916311742072800
 0241174303340148067211590075046219360129203901
 0233003701410247213109420641033019291065082600
 0258176213960539193703500330215214650985194801
 0252006604540330173806340160025004600931033400
 023902450035193506380147013007730541098901
 0233135410411241123906440347173621370926084501
 0234074804500061075612590926073407000659032801
 025605630942033002340130003604301264215300
 0232194606440931034305351946122913280839033000
 0245071412390164133406380444094204471762033000
 02371242193519390251093003421387064101
 0248138406810327033811590253014709271934192701
 0254214503952128125217520740206104720631163301
 0258069813270164144803320942214307162161054200
 0238016303400644003202310739083217440330096700
 0230046909320145015410630330192813621160124501
 0238172504420349193309301363012901730347074600
 0231002219310754113605300930013101320331214701
 0256066805420050012201560180033704340934036800
 0229032903280140091912471342033602430331193401
 0256026506920068093901430137117019371928073001
 0260169203790637032907371750098401300764073001
 0230092903740087033107320259144810510330062501
 0236194613382138013007402065104708370532043601
 025401501139133304312132209203321060046601
 0240018217460627013701480320002109661938034801
 0232044601300730095005311367192904640893117300
 0259117002580361133806830525073120280773033200
 0244034506570711076600400139093001380751034100
 0260124809462265132506330126075203311941026600
 0244136603600658053009580438073021570119193001
 0238018008730447162702430643094705280832032900
 0258216301382024033213490729083303790725052900
 0239114000351050034319460651013009310137052600
 0244066307101271033804540135044303310025203000
 0229196613630625196409700566042903300330033001
 0257046303301262192903290933194300290566066100
 0242114509940652144817590830003303450330043501
 0233114816661242066804500177019709510373177400
 0245014602500931194803280160008003290445216400
 025120320041064407300829193712410829072901
 026004411399083706670758017808290354053001
 0255204103320564103917280330133621560530032900
 0244204021440333213801861624104007110764064600
 0229136005601149099904271248013619360330033001
 0231124502491327114505290940013019460331033001
 0245192804560248133120380857014603320628115101
 0252036020680795162317650764044706490330122700
 0247032903411277073303290930015001510029027800
 0253195406621166132201460459034721510236204500
 0230143005300932013206270440193213290141032901
 0242216709281750127308810679138204621442033101
 024120271935062921431334215119350322122600
 0230007520350639013917400840082905341248033001
 025713381463056221650756033003260341215900
 0231074106340261094504631134005601441932122901
 0259033009391947194711530257003103300330194600
 0247033116272147073001300636073017182068013001
 0260203722620329073021701356045612630848116001
 0234092919390346124119490059065403391446070001
 023202550139172805261243043903302020103500
 0230017803250023044209300442192212430626075100
 0234202106500237044108461450004003000743085001
 0237111701850764043806610935013200370529013000
 0230014401421941133708301153033309231945193700
 024913691439093203380249045201480345063801
 0248088006480253201801700165002405301931052900
 0243025901460705144309291944084300441930033000
 0245195402481931064603540330092800270330044600
 0231125804440195070016441158194417720676093400
 0247099904630856172706690830132507300132032900
 0237096213301240044904590740171519431946074001
 0243018600840984196102730463035106820763147301
 02510458128904891964135107320158012900
 0238015906330243002409431927034211441252056200
 0259139602490636074104532029033514890380016501
 0231098813220660032804390300033517380771123301
 0239093401520030196506461950054403420330013000
 0230123819540863133117510204074303290626092700
 024521630328044817562146073013272133063200
 024707650153046502320443197813841451064801
 0229036504510152012309471958146211490259133000
 0230094200401149013404920757062003300730175800
 0229032909370134064117340330143319270456133000
 0257033801720392139607401766026604550931213800
 025102331249069900701460093201280130035301
 0252053513871147033103302034013219381251039901
 0240004004261152063814260336053509730330033001
 0258139903591950015803440139013509301160125001
 0230111808310749131109560753104808240829033800
 026022751190075319710132096513181922085101
 024506300246094721390426072819171367013001
 0233064811480846165610451060033601330940022701
 0260016207380330002908290345063709350831075301
 0240017909811939032519341365052801410429214701
 025219360840199821390653002702270396093000
 0235132302321927146706432037214319461959034801
 024913730233015314420730063004520939215701
 0249133211541439174807531263093619500638034900
 0258057321590922076408320732063119311329034800
 0251193406990471004409320234115107450162055100
 0243013019330839092102311039032911370023212700
 0248133308450259124503490628214509591943035700
 0252093706540146216319580039019203941754074900
 023801590579013109291331042802390130064600
 0253169502760754052817432144033120180757033001
 0258064102630931033119410338035803391338033201
 0250137204811753033609400829064001300330033001
 025613290441036307330130053001211932043400
 0244083420291382073705310332063501
 0253055804320145126109480735005017350752047201
 0241062205280537093013310730013708380530013001
 0239196504350352092317280139162706381426024100
 0235032020600130013004290330043416390330023701
 0238013006380350194209250447002703300427013000
 0245196306360332053009280343045021441243134001
 0259093917601332027803281159073005750342083300
 0260216703730966019913850666034319430177016901
 0238124200262028195001470450044506170128114400
 0253125501521317086120300445043107440328214600
 0243193804520456124408710151202506311345082800
 0245024109290616084419601330056801461160033300
 0259194102550973039007290733083804682275003000
 0229013703330355122213571932114503300835093201
 0249177609401185018201341341036503441258013101
 0230077002571952066213360929084305340730054500
 0246016605300929043408330845144800460443033000
 0260226603630932073101470730003003581941195200
 024707390130013003300933164403300730071900
 024404420632092011382131002314601250193300
 0252003421400397099403470730076117400130062901
 0236013901341327063619400234093801290433034601
 0230193509490831190307310347172803431335021601
 025809290285033305740141016816441950074301
 0248067211610553093512361446025203351433162800
 0239067313371427014403400928214119310252123501
 0251039608390474063409281341116402410431124700
 0232044313510644123808391947013609450345033001
 0256175021421939013901651452094800451254195700
 0250136701501950113502140830043401310917035300
 0247174320310339032506790349133203300330013500
 0239114103291231033706841938092503300080193501
 0233193711330368202013390130013006211941013100
 0248124514401330014402480332013714452031065300
 0259072604410526087508841335117201350653203001
 023104540521062301260329033013251253093101
 0249048609520333075411521455085008131635033000
 024521430464194612530187124011452036105600
 0233046817202025193204270028124701290629084001
 023804591135204501840650043500400242034700
 0229002619440239060812020558203608490300147600
 0234033207300730193503371039044603470926132700
 0260139921720925224212710741083508510640042900
 0261202902860669013414460329162922611040083300
 025700360749013021640937196806341928194300
 0231115120201344014403440459194619430457194400
 0241047020281944014312430328003006090152044700
 02421939132306330933056811461931013100
 0230033019281330094304330145043207401940025500
 0231075707501137173506290545164612370344092800
 0241067111581935126501621044093003571328030400
 0245136419471954097811600356143903471067084401
 0249148303351625206103300130015608370328032700
 0259193806622272083809270541012900350861194100
 0252086600680397036119480234064110390147093501
 0237033014251117132602410978193306570328072801
 0251122906530334099801400486036203421242003900
 0245094404730038014703290331032904290742062801
 023811350132014903302145052902402044065000
 0231139912530559214001240933195703280331074001
 0229027510340450193910531359093301371938032801
 0247033002470969033600680330042908300730064001
 0241132904311128024509321949034401540828072000
 024906371380082701300381015505320330033001
 0251096411500428048401870137073200320647075500
 0236008103430939013703610656075211421927123701
 0248123507651322093603350333035004281919014500
 024606660429024903300330014820351365035201
 0230046614442029066113340259032811572136125301
 0242194604462035067100362161043511360331016100
 0242018506051352203003580731024219481442033801
 0245047303300730172619390924133211510627013100
 0246044813680429143903301932042920310351192801
 0258013509300034214203372185195302751048073000
 0252015709791176036001342153003717472138066801
 0229214113850553094906411279035103310452072501
 0257036502740831093517652191013706970439166100
 0241167304271742064802511044192920381934032901
 0258032703511268195203280936144803300772132900
 0261073009471319072603300335195008511948033101
 0231046709440859007621450636113303280331192601
 0237076403400577057913862127015721680756093700
 0252084701300935069719980441143800340154053000
 0251193504980672204419381248173401520031012900
 0259226809480138003804290159045921590699194900
 0242065001380761032903331749073709480336005501
 024021281761145903840942133101790347063900
 026012680345226813340932024605300741066701
 0230046910441335036212432026063503640130033000
 0232020006451431017309210557145200490191173700
 0238015102411946134503310942123803440677013400
 0242045601490839094503320836025505410662003600
 0258013619601950066321451949053004400079093101
 0233023306360130003204300146193614482133094801
 0244047206621247202713650730033008330330193301
 0234024813211256092607300131055107300137124300
 0236133202282140171503290836092801440538074401
 0251012909600530195407300096014111891964064801
 023720260034104601581262054401630430064300
 0256133405610739013403540650074309290257113001
 0230138917780937192606581149012504630727033001
 0243003919440309033607422163025401320930052800
 0235016819471940032702310460092811530037033100
 0239032709250530013013430128033406340330143101
 026104710330003208420330033208312256094301
 0230075209321918033203311121083200330241032501
 0247084500610125174603320330053120370745072801
 0253136317390355077120331253014521410827025500
 0259073002910399066209330737012901540029044900
 0251065203381934163103511741201307510330033000
 023104751174035701630928025906350340133100
 0251116000371941033106522046032005300330072900
 0250003306440330033609621258024211641487073001
 0261216601612299194009371943004801430143043800
 0240018311511938013413530470042802510884092800
 0251095401340729115606320129136701200130014201
 0236028201500677133721521262097319401449194500
 0230123407610529034501410327084809101688030001
 0250092601370730085408280431052807151338144300
 0230043021520444053003291630073006632026032600
 0238053009230746013919460330004103300330033000
 0257013103711335127504331174066908460931192901
 0239136008421241023806091248172605410328202900
 0237033502400952036806571338014207280129172900
 0256083006910099052908461139049908410558092601
 0230066307611248092703601348016108390256033000
 0244003701370435024103311257042703350447092201
 0236028201501177093714420086074819401949064500
 0233033009270467012603350643006104470728033001
 0248015206600327124713372141073607480932014500
 0256034001290134099908411347024206601254083401
 0261074811680091033119430923014412510645194901
 0246116013291442074909530139128107781029194700
 0256195216230462093019640336065307310535022901
 024012520462132906471131072610300144033000
 0233213704272143063607360055124803480235092700
 0245017804480172044006440841024700800932214000
 0231193211550240063109271341016101430343043100
 0245137819341441147112562028033019480729074701
 0231014207310730122913481230013009401962074201
 0252116019471678075106460128023803440924034801
 0249021312410382108406550148033012551322095800
 0259019404520931074001580068043322810635114100
 0251069704691144033109331345144419320733013000
 02321320172003480251083004042121014100
 0231045911461947138503430245045401730634204201
 0243135607270828094103541230124904481954025600
 025310960130082816322143094803310333216900
 0248062703770936032917570730055901331282163100
 0260105107570479084906480091033405480156093601
 0231024703450144033400521719044909260742083701
 0236017701642155015106441246094417440129007101
 0240062909391438194900291740074702480152033100
 0248203504550249005703331950032901450630123401
 0239030209300064014705290245173005270333063801
 0244014104291332031206510942104207340531192801
 0260225407410663146616480439192921580328093400
 0239096501871249114701431957044307761363042901
 02622271106219341323125304451144193600
 0257194103371271024704421291065705281636093000
 023014500936042602381925073803490652004200
 0234009107470873033706740130213709260131034200
 0244115219300257064604580330195001300024094700
 0241077212350347135704751234092403300646012900
 0260033008730366225113501956095306691157033001
 0254215210361233139301410831025614330773092801
 0252064211590947125813420829016114390143083401
 026113280651070821591065092403302153032900
 0233036506001059084507431322123502522031046400
 023908801244032613320834064901461148125500
 023208460632014220241449042308401149017600
 0260073407310330226213540930073011490530025701
 0261227103290764017016990929119904310662033000
 025113491144013020120347013006400454052901
 0257204305360389194121831350076617641148195000
 023008620344123720221742020303280626013300
 0245115209240447018801440065173205320718083100
 0231167903590677170009760243124005310558034301
 025610330565003403352161033511441261027000
 0239006406510740052804472147193419262025034301
 0238033808311723063900300449034109360142193200
 0233124514461451013009530038032707480445063500
 0238014912520079064607560130012811370938174601
 0258033513990773043702750330203605301942083001
 0230094219280631032812460832044313470330023901
 0250025101460446123701550351203406521242003000
 0231073906441351072112720848207604281953023501
 0230005509201734025706001225194410330329053001
 0244085204460636103707430058093003340133053000
 0261127407481630077402290670043709542299032801
 0254124003441294023711570686092916370130033500
 0248092407540729045306590330033400440151024401
 0243087001290139142809280739061400271730104900
 0252214903920074082705630147064903230929193201
 0239143719530450014909340083145102470637044501
 0235015913571179194617460645124119410942193901
 025701311069073003330815025900352045194900
 0255116221411744093203622150144516950782215700
 0247124008450636033613300332013303280944054301
 0237134703210329014403270551193804460951064100
 0245004603300242092903150549124119282143032901
 0259217116891171052508730732035906652235203800
 0246093217340530197601500155031616260747033100
 0254009504332024045103552159115003330330215101
 024404431930063313231951205901401252213200
 0229032602631770046901270671208814560730134601
 0252116112530429032903512135204403291325033800
 0250064912431938015404341164133002550927083800
 0258126019360459033021410945134006611168034301
 025404530643033000430140033003301970094301
 0250027912510939066705301926194804701630044900
 0253092621520023212812530131013004410460082901
 025309341390073003300530173806451933025101
 025512440399146201600641002903501953202300
 0233043001480845114707290732036510500921006400
 025903990032218517530330014922530443035100
 0260025906641940033921681937134007442034033300
 0256175201422058003611390333053104722157065200
 0247174803261650094803321952084704340330023201
 0232132002461225014917210923124603261955064201
 0235034205250634132701280430203819330114036100
 0255033211990132033009301761006301470430033001
 0251069804701933035914500036027201270948075600
 0235193520301750033021370635084813610443042901
 0231063412330831043012400922133503451739033001
 0247125400390754093108360243194217770634072700
 0257069812580136196303400061033704640333092700
 0250175513751951084409251140014803300127044901
 0231075407270528042009421330033005300151065500
 0252003411650153213914961997083609280330062900
 0254099316790356026004510636195904341934214401
 024507540755194305391329094810680657034700
 0237034403280446133304520359115203430945062201
 0256035313320128024307300140072914312032063901
 0243063903060938076708380347114000220429032600
 0259044822750168033003310048092812530188027800
 0236034001810944067612420352126104471940134200
 0242144210382151136804290324070409390358034801
 0236008103481955014703760646028109450330076000
 025112510729033519570484068709821328114900
 0238033513290717017419582037013001390351014700
 0254043311620952033002831348035301321252033001
 0250092313651955034005300146036104360145123701
 0236213611411235144220601366195601300646072701
 0259068411730282034013290330076021610826093501
 0244114903470744052719480927045013200164043101
 0246137302551946093001491936032508430530176601
 0236013801370636092004322138034516271259196300
 026002880435092601600023073622551934107000
 0231094021290729194411450640075807341944134500
 0241107406710149122509290246032908322181134900
 0240176020921959194906461317014519380140046800
 0254169917461935043212500530033009870330014501
 0235193720301344194702120130031301300329013000
 024608450629162817400159024503341449124200
 0236194413270239031406310428086219390928034300
 0245125406560741137019320563093711530165106800
 0238093906450327144212330159077719391671035101
 023813590216073309301953033003301152122801
 025119550544203003352142133221320629083001
 0253092601640235173905551954063508531326015700
 0249016011650451013716940668083109370529043401
 0255002909301934012803411069212801550637013300
 0250024805510355169003361941095704460726012601
 0249048108500153132806572031124405301237034900
 0240007714260436033010270944033019461926068601
 0229132802320532042809240339110007490145073100
 0250164402380449125701531967038120341164073700
 02470153033221770123143904482040144200
 0258175404490332035300300330095504290641039700
 0237114013450129145419221944145120640628073901
 0237133804310243014403332026044217220129032700
 0241218303570330123609840476145801510772008601
 0237124003450924002721390630111402430330142600
 024502420656143809960130075212540341002900
 0256137701680559215009290330217005490141032800
 0240002320141146038008321449033119440726013000
 0229002821361274033020200338143419390327063400
 0231032921560932173710351945137803430134043300
 025719491640092707330425033412480129013001
 0231139905201250062709430137072407340444194400
 0253067301200985014501961799115312610454134401
 0244093011170840062903290830213303420531163001
 0261075113990640018920340775227701460831033301
 0250165701180438118519530379046908280330094701
 024401350924033000440664193805301248074301
 0235124101870446005201390342012620270643033701
 0255215219360330193909330198039904880030033500
 025003821473093403310354003614401163016200
 026107480145136107312244033909511968024101
 024302541242093501430345124303300175012900
 0256099916660367125703990253072821450730046401
 0255213909270463072903331387043303310330033001
 023706480160134820620841023807340452193300
 0253017813382033016601580736174206840195035300
 0241064203290450086209470065033003300350176101
 0255016006401742012103301632024503990932126000
 0259216409332174066313972236198003400837012901
 0230014805351138194413420431206007371265074100
 0235123620300142138803260761213906360837123401
 0260194402790362073213690438098308780740223901
 0242174609321135064219280342009104560332033001
 0240038407702161092900940183068601341261175001
 0254119920961743214704481325063103480344126000
 0229203419260255063013460330013003300328053001
 0257195809421721123300420655084003290139194000
 0230013908410943045204481347023606440846073401
 0259008319412013072921430328032903310735199301
 0253015400271252053006540925016601450428173401
 0259016909470748134222800477025204990663103300
 0252033321402161137606490243216719311938202901
 0244195007311157173509830441073613330139042700
 0240195013130944123519250832194601300330032201
 0232134807260920111907300847032804040148014800
 023401410638123103390329117620261228002901
 0248012811580852169201470929034019660444024901
 0237114400631243093601760749106201641262053001
 0251211709510765133008290338038901390386046200
 0237093703560368132307600347073208331934012700
 0246045213721240203306460345118512160731033000
 024601490749194503300530094704480031033001
 0245092702411934045013680342076906291226034501
 0237035717151453024300231928042820271945064900
 0233077809910360196006750774008319431149085101
 025801510434064901770935052919390043126300
 0248015019460491034313851445033021511947092800
 0246092704380657195013290127033003470330033000
 0237045712410658216402541239136520500729142500
 023707321961092401331447113202380129064500
 024901300027201507430849015321120328067000
 0243034619360730077010382030213113290130176500
 025517421399032903350728206801
 0242092817581145065219640077014401830831123501
 0232036001300657012803280730089312520931136201
 0242065103311749193708291392103312730934113601
 0255008703991038086101281939017009281260215400
 0230033103310328193106430731193600280937195200
 0258023500321952083007300662094207741260014201
 0250124006860357136308291951092901310231083500
 0242174419340554064403300145008004380939043401
 0241144107300944073701281315125202420346042600
 0240092707481729033103311139033013640730053001
 0250135803830378035520280543025401290130053000
 0253033017470435133603950330092403300330052800
 0241214313932027144717300843063201300327052601
 0231005701440630104321471251095204421735012901
 026019700095014105440766016920370664033101
 0236013820371349193403480443018203300341035001
 0260215622610359066309551945074504520036077300
 0242193303300336094311360236133106511949106301
 023019430139034104290644093212330330032901
 0248015603780194073209360065025317440678035800
 0245005419610271033420300331063512290140192700
 025421540930015001620634139001310347044901
 024209350642045011310137024516680830193301
 02291033096005740350176813620446073101
 023802391946202319440446164512430330064901
 0229215002991148095903730636036012480128133100
 025303470194045413441153179820360773063000
 0235202606460340076019271133193902320066124101
 0229044710341939102500800130094205300762062901
 0242216007790665218504440944192814500020033200
 0261194821890534077020300531066616980204073001
 023011771964072419290443033407261917092600
 0243018600930454013106500929073812420238195100
 0230074106260339006303301031202003290530024000
 0242065500650236092803320130043105260130033001
 0256066912670727033605641260115916280931016900
 0238064001361025174600621931034105282028082801
 0229138919640939116021140530063101
 0257017013390764034306590935077104350429072900
 0244214200340923073011540330036119480171073000
 0246162711420328094717270143214712430322015900
 0242193911561246062609280130014705301347212701
 0246095017510269136806471956014808450453042901
 0258074013191936033309280285047111520667194800
 0254214511592142144508971965077009241326034400
 0243136808450339097219430234030407292153052901
 0230067607311363047309300834144704510340033000
 0235166702331927064503401240121309790459083601
 025209990160085913382139033101310160063201
 0240025401481938194713321942093817461144125401
 0240124206481271193809301388034703261447125201
 0242046306340937023605451150074103310885006800
 0247042901460955142917220332002801520348053001
 0254215106322149119909371326014905461744032900
 0250024104741916044908780032014120300351015400
 0245214500600344014009401757052806650330033001
 025219630925134503721933116308590144173300
 0241018421840387126203571758193520371370067101
 025913971261196119471934034305800834074301
 0245125520160742115413441247073002260330193300
 0244014203440713024913330629034919381065096400
 0243012900890929032903290305215801770324033301
 023319330207172105280330163304440428106600
 024611720927055103270147025013700447124500
 0230193519360952133706381768214511390150013200
 0244127214440331071003340930013604240232162500
 0247115520380832132703360636193603310450045600
 0246214803290743002714390330196403300925191200
 0244095501750751024813520650015603301228015701
 0243093304820129033013300742053003590146082900
 023912260044024706330930014203291151083701
 0256016303550431033216310130013502600929063900
 024112420303194019501388094602522152115501
 0230045205430939215106440332013008291333122900
 023303500061020805351241114806431033092101
 0255124314630639016001560740033109971941003201
 0237018614520461193506280037096402690348053200
 0248037011590940054703340558052713450635173400
 0259216302510329075600430458194011980929226300
 023511490937013216451940194707280627016501
 0252093821461248083314501634039301960666036000
 02561961035220440136193508310339065300
 0230139107260546114907561775062519240745094500
 0258139909492143216708591938043321480332012701
 0232032506391320092208741137055807510841194900
 025909290727014003441954077116500350064600
 0230033201850169192012450980052613320632124400
 0254194614290339063005470938023500301237017500
 0234134602350131033003460153013103280928144701
 0232066112480871036601591148123519532011132100
 0249148419530454012403300430135020280630033001
 0242064900810348033003302029042703300330013501
 023503391362083719380126023105451257092800
 0255033204300330052819550157094406352173133400
 0249093807530358116103380059213106801441026200
 0259223406621939125403281649192801451163093000
 0246015706272030046701431345013503420249121701
 0239217603491929114709661326145621290329086400
 0237076019441447063712402130092513300731034300
 0257176203460334002908340857025009320732033900
 026009330361065913300768106422720129017200
 024714291339073903250638044921540327054801
 0243042909480642024203321937033019370522004200
 0253037612850196074921690778093210620088176600
 0230003004281235194517340212082907672047052601
